,병천순대,콜라,참살이 막걸리,찹쌀식혜,단호박 식혜,느린마을 막걸리,해물파전,스프라이트
병천순대,1.0,0.936148058659015,0.9315103976855982,0.923946006929753,0.9084052027849515,0.9530920474943846,0.9726560395167242,0.933646345052665
콜라,0.936148058659015,1.0,0.864081349121899,0.934061324856746,0.9157655070496009,0.9080929857609638,0.954322753687137,0.9694350294328969
참살이 막걸리,0.9315103976855982,0.864081349121899,1.0,0.8524864900505033,0.8439363354271056,0.9305782032033192,0.9230167292101513,0.8590130627245747
찹쌀식혜,0.923946006929753,0.934061324856746,0.8524864900505033,1.0,0.937163230170466,0.8804650145252201,0.9245659875663728,0.9319627767991148
단호박 식혜,0.9084052027849515,0.9157655070496009,0.8439363354271056,0.937163230170466,1.0,0.8732596522059161,0.9141005816403791,0.9149010254809619
느린마을 막걸리,0.9530920474943846,0.9080929857609638,0.9305782032033192,0.8804650145252201,0.8732596522059161,1.0,0.9552309346436058,0.8959979921920936
해물파전,0.9726560395167242,0.954322753687137,0.9230167292101513,0.9245659875663728,0.9141005816403791,0.9552309346436058,1.0,0.9447293459459053
스프라이트,0.933646345052665,0.9694350294328969,0.8590130627245747,0.9319627767991148,0.9149010254809619,0.8959979921920936,0.9447293459459053,1.0
